group	x	y
1	1.1	-3
1	0.702374035958201	-1.28518309025679
1	1.1	-3
1	1.1	-3
1	1.1	-3
1	1.1	-3
1	1.1	-3
1	0.833448815625161	0.924823529458328
1	1.1	-3
1	1.1	-3
1	1.75267406697385	-2.20709052479643
1	1.1	-3
1	1.1	-3
1	0.180820100707933	1.6056885707695
1	1.1	-3
1	1.1	-3
1	1.1	-3
1	0.225825461093336	3.66605097354166
1	0.444809229113162	-0.484549656151104
1	1.1	-3
1	1.1	-3
1	1.1	-3
1	1.1	-3
1	1.1	-3
1	1.1	-3
1	1.1	-3
1	1.1	-3
1	1.1	-3
1	1.1	-3
1	1.1	-3
1	1.1	-3
1	1.1	-3
1	1.1	-3
1	1.1	-3
1	1.1	-3
1	0.627196286572143	0.0250329681852943
1	1.1	-3
1	1.1	-3
1	1.1	-3
1	1.1	-3
1	1.1	-3
1	0.297010735142976	1.82243325803847
1	1.1	-3
1	0.163200871786103	-2.18517351093028
1	0.944041808135808	2.05145714609566
1	1.1	-3
1	1.1	-3
1	1.1	-3
1	1.7019698808901	0.922795543458904
1	1.1	-3
1	1.1	-3
1	1.1	-3
1	1.1	-3
1	1.1	-3
1	1.1	-3
1	1.1	-3
1	1.1	-3
1	1.1	-3
1	1.81395290959626	0.397540851045515
1	1.1	-3
1	1.1	-3
1	0.886984157143161	-1.39772581555551
1	1.1	-3
1	1.1	-3
1	1.1	-3
1	0.437488002004102	-0.38918767898706
1	1.1	-3
1	1.1	-3
1	1.1	-3
1	1.1	-3
1	1.1	-3
1	1.1	-3
1	1.1	-3
1	1.1	-3
1	1.1	-3
1	1.1	-3
1	1.1	-3
1	1.1	-3
1	1.1	-3
1	1.1	-3
1	1.1	-3
1	1.1	-3
1	1.1	-3
1	1.1	-3
1	1.1	-3
1	0.856525000883267	0.445870523978311
1	1.1	-3
1	1.1	-3
1	1.1	-3
1	0.340068240184337	-3.96476655298404
1	1.1	-3
1	0.397016411880031	-3.41645907604341
1	1.1	-3
1	1.1	-3
1	1.1	-3
1	1.1	-3
1	0.426943402737379	-1.67399232187707
1	1.2930251874961	-2.67215027834138
1	1.1	-3
1	1.1	-3
1	1.1	-3
1	1.1	-3
1	1.1	-3
1	1.1	-3
1	1.1	-3
1	1.1	-3
1	0.898971946211532	0.705225064054972
1	1.65337700028904	-2.41574031908505
1	1.1	-3
1	1.1	-3
1	1.1	-3
1	1.1	-3
1	0.373358564451337	-2.33119711574336
1	1.1	-3
1	1.1	-3
1	1.1	-3
1	1.1	-3
1	1.1	-3
1	1.1	-3
1	1.1	-3
1	1.1	-3
1	1.1	-3
1	1.1	-3
1	1.1	-3
1	1.1	-3
1	0.757211570162326	1.29537651991789
1	1.1	-3
1	1.1	-3
1	1.1	-3
1	1.1	-3
1	1.1	-3
1	1.1	-3
1	1.1	-3
1	0.963759744539857	1.43112394197142
1	1.1	-3
1	0.665608417475596	-0.706785699224377
1	1.1	-3
1	1.1	-3
1	1.1	-3
1	1.1	-3
1	1.1	-3
1	1.1	-3
1	1.1	-3
1	1.1	-3
1	1.1	-3
1	1.1	-3
1	1.1	-3
1	1.1	-3
1	1.1	-3
1	1.1	-3
1	1.1	-3
1	1.1	-3
1	1.1	-3
1	1.1	-3
1	1.1	-3
1	1.1	-3
1	1.1	-3
1	1.1	-3
1	0.0792641821317375	-1.36960925423379
1	0.292064977344126	0.609828896736138
1	0.84037117776461	4.03368734971311
1	1.1	-3
1	1.1	-3
1	1.1	-3
1	1.1	-3
1	1.1	-3
1	0.0849897842854261	-3.8245609152442
1	1.1	-3
1	1.1	-3
1	1.1	-3
1	1.1	-3
1	1.1	-3
1	1.1	-3
1	1.1	-3
1	1.1	-3
1	1.1	-3
1	1.1	-3
1	1.1	-3
1	1.1	-3
1	1.1	-3
1	1.1	-3
1	1.1	-3
1	1.1	-3
1	1.1	-3
1	1.1	-3
1	1.1	-3
1	1.1	-3
1	1.1	-3
1	1.1	-3
1	0.0776955692563206	-3.78792600746025
1	0.105083768488839	1.05009058864476
1	1.1	-3
1	1.1	-3
1	1.1	-3
1	1.70305023556575	1.3065686641591
1	1.1	-3
1	1.39972184835933	-0.963286889926499
1	0.178135111229494	-2.38937107530748
1	1.1	-3
1	1.1	-3
1	1.1	-3
1	1.1	-3
1	1.1	-3
1	1.1	-3
1	0.376657233573496	-1.82906266096691
1	1.1	-3
1	1.1	-3
1	1.1	-3
1	0.194289194187149	-1.96594271020118
1	1.1	-3
1	1.1	-3
1	1.1	-3
1	1.1	-3
1	0.670885495841503	-2.81556443976857
1	1.1	-3
1	1.257648451766	-4.0239248844465
1	0.336741157341749	-0.904794223573501
1	1.1	-3
1	1.1	-3
1	1.1	-3
1	1.1	-3
1	1.1	-3
1	1.60109295793809	-0.74329019437306
1	1.1	-3
1	0.681486446177587	-1.16437919697817
1	1.1	-3
1	1.1	-3
1	1.1	-3
1	1.1	-3
1	0.829753480385989	0.256063918144391
1	1.1	-3
1	1.1	-3
1	2.09082990167663	-0.842762948719831
1	1.1	-3
1	1.1	-3
1	1.1	-3
1	1.1	-3
1	1.1	-3
1	1.1	-3
1	1.1	-3
1	0.892734028398991	-0.470830461738849
1	1.1	-3
1	0.555218979716301	-0.758669289495313
1	0.755216216668487	2.31946753551252
1	1.1	-3
1	1.1	-3
1	0.333364723483101	1.42043104302777
1	1.1	-3
1	1.1	-3
1	1.1	-3
1	1.1	-3
1	1.1	-3
1	1.1	-3
1	1.1	-3
1	1.1	-3
1	0.0137585073243826	-0.203620157727337
1	0.0423548372928053	-1.40523805326241
1	1.1	-3
1	1.1	-3
1	1.1	-3
1	1.1	-3
1	1.1	-3
1	1.1	-3
1	0.357108945958316	-1.34338279295576
1	1.1	-3
1	1.1	-3
1	1.1	-3
1	1.1	-3
1	1.1	-3
1	0.537209264701232	1.63266742517512
1	1.1	-3
1	1.1	-3
1	1.1	-3
1	1.1	-3
1	1.1	-3
1	1.1	-3
1	1.1	-3
1	1.1	-3
1	1.1	-3
1	1.1	-3
1	1.1	-3
1	0.970960318809375	-0.575142836476989
1	1.8589957815595	-0.337779949619794
1	1.1	-3
1	1.1	-3
1	1.1	-3
1	1.1	-3
1	1.1	-3
1	1.1	-3
1	1.1	-3
1	1.1	-3
1	1.1	-3
1	1.1	-3
1	1.1	-3
1	1.1	-3
1	0.414896452100948	-2.60078442067523
1	1.1	-3
1	0.0808626485522836	-2.30527591186171
1	0.159290118375793	0.390671256833189
1	1.1	-3
1	1.1	-3
1	1.1	-3
1	1.1	-3
1	1.1	-3
1	1.1	-3
1	1.1	-3
1	1.1	-3
1	1.1	-3
1	1.1	-3
1	1.1	-3
1	1.1	-3
1	1.1	-3
1	1.1	-3
1	1.1	-3
1	0.678748692618683	-1.76374811941658
1	1.1	-3
1	1.1	-3
1	0.45014444203116	-2.00170423158841
1	1.1	-3
1	1.1	-3
1	1.1	-3
1	1.1	-3
1	1.1	-3
1	1.1	-3
1	1.1	-3
1	1.1	-3
1	1.1	-3
1	1.1	-3
1	0.0946140429005027	-0.672493846220318
1	1.1	-3
1	1.1	-3
1	1.1	-3
1	1.1	-3
1	1.1	-3
1	1.1	-3
1	1.1	-3
1	1.1	-3
1	1.1	-3
1	1.1	-3
1	1.1	-3
1	0.861848484026268	-0.602538638311156
1	1.1	-3
1	1.1	-3
1	1.1	-3
1	0.522671096259728	0.159549943115025
1	1.1	-3
1	1.1	-3
1	1.1	-3
1	0.182820469839498	0.173620215763086
1	1.1	-3
1	1.1	-3
1	1.1	-3
1	0.396485476987436	-4.49085523110805
1	1.1	-3
1	1.1	-3
1	0.809510399354622	-1.84263752610285
1	1.1	-3
1	1.1	-3
1	1.1	-3
1	1.1	-3
1	1.1	-3
1	0.200573988491669	-0.368725307204295
1	0.103487114887685	-0.531375176310337
1	1.1	-3
1	1.1	-3
1	1.1	-3
1	1.1	-3
1	1.1	-3
1	1.1	-3
1	1.1	-3
1	1.1	-3
1	1.1	-3
1	1.1	-3
1	1.1	-3
1	1.1	-3
1	1.1	-3
1	0.256520541151986	1.23764893948312
1	1.1	-3
1	1.1	-3
1	1.1	-3
1	1.1	-3
1	1.1	-3
1	1.1	-3
1	1.1	-3
1	1.1	-3
1	1.1	-3
1	0.394997322699055	1.33429954079652
1	1.1	-3
1	1.1	-3
1	1.1	-3
1	0.758213603869081	-0.435992488063255
1	1.1	-3
1	1.1	-3
1	1.1	-3
1	1.1	-3
1	1.1	-3
1	1.1	-3
1	1.1	-3
1	0.22770716319792	-0.43068814995387
1	0.767020934959874	1.15893237730137
1	1.1	-3
1	0.569064127514139	-1.75829661460076
1	1.1	-3
1	1.1	-3
1	1.1	-3
1	1.1	-3
1	1.1	-3
1	1.1	-3
1	1.1	-3
1	1.1	-3
1	1.1	-3
1	1.1	-3
1	1.1	-3
1	1.1	-3
1	1.1	-3
1	1.1	-3
1	1.1	-3
1	1.1	-3
1	0.591449058381841	0.160909281619949
1	1.1	-3
1	1.1	-3
1	1.1	-3
1	1.1	-3
1	1.8938868931029	-1.16045281424554
1	1.1	-3
1	0.129764632554725	-1.91223042984301
1	0.0757581086363643	0.254776790570395
1	1.1	-3
1	1.1	-3
1	0.0616075398866087	0.160351760572339
1	1.1	-3
1	1.1	-3
1	1.1	-3
1	1.1	-3
1	1.1	-3
1	1.1	-3
1	1.1	-3
1	0.868694554548711	-2.02185486475212
1	0.95309647731483	0.0612090944262407
1	1.1	-3
1	1.1	-3
1	1.39379276689142	0.503967502989399
1	1.1	-3
1	0.547416549641639	2.11412816229825
1	1.1	-3
1	1.1	-3
1	1.1	-3
1	1.1	-3
1	1.1	-3
1	1.1	-3
1	1.1	-3
1	0.746016833465546	0.12079163401609
1	0.464202378178015	-1.48196557112739
1	0.13741806242615	0.0888618491506207
1	2.01437961244956	-4.38980637539498
1	1.1	-3
1	1.1	-3
1	1.1	-3
1	0.98803502228111	0.824936363102309
1	0.634659001138061	-0.608515554457142
1	1.1	-3
1	1.1	-3
1	0.0253315900918096	-1.61680454407801
1	1.1	-3
1	1.1	-3
1	1.1	-3
1	0.488054365850985	-0.233285257028396
1	1.1	-3
1	1.1	-3
1	1.1	-3
1	1.1	-3
1	1.1	-3
1	0.284114230656996	0.997897000811876
1	1.1	-3
1	0.685350724495947	-2.20068647495836
1	0.7948184593115	-1.16713104169712
1	1.1	-3
1	0.0245878272689879	1.4175573818285
1	1.1	-3
1	1.1	-3
1	1.1	-3
1	0.760211409535259	1.97664218724531
1	1.1	-3
1	1.1	-3
1	1.1	-3
1	1.1	-3
1	0.708717945264652	-0.783129056125391
1	1.1	-3
1	1.1	-3
1	1.1	-3
1	1.1	-3
1	1.1	-3
1	1.1	-3
1	0.996450111968443	1.15804318254916
1	1.1	-3
1	0.210391758941114	-1.09689570629307
1	1.1	-3
1	0.905860385391861	3.88454953289149
1	1.1	-3
1	1.1	-3
1	1.1	-3
1	1.1	-3
1	0.342691207071766	1.97595783960999
1	1.1	-3
1	1.1	-3
1	1.1	-3
1	1.1	-3
1	1.1	-3
1	1.1	-3
1	1.1	-3
1	1.1	-3
1	1.1	-3
1	0.380689600715414	-1.7445878705432
1	1.1	-3
1	1.1	-3
1	1.1	-3
1	0.836564694298431	0.225802777582633
1	1.1	-3
1	1.1	-3
1	1.1	-3
1	1.1	-3
1	1.1	-3
1	1.1	-3
1	1.1	-3
1	1.1	-3
1	1.1	-3
1	1.22776318136603	0.129522819285624
1	0.698954388732091	3.26600130301491
1	1.1	-3
1	1.1	-3
1	1.1	-3
1	1.1	-3
1	1.1	-3
1	1.1	-3
1	1.1	-3
1	1.1	-3
1	1.1	-3
1	1.1	-3
1	1.1	-3
1	1.1	-3
1	1.1	-3
1	1.1	-3
1	0.481206594733521	-0.464312177031425
1	1.1	-3
1	0.501889573875815	1.10577789553518
1	1.1	-3
1	1.1	-3
1	0.747566106030718	-0.0290382361911051
1	1.1	-3
1	0.780429683858529	0.0797273958001719
1	1.1	-3
1	0.357896259054542	-0.655357025727271
1	1.68583260108717	0.813629700305942
1	1.1	-3
1	1.1	-3
1	1.1	-3
1	0.34456245158799	3.16142746262033
1	1.1	-3
1	1.1	-3
1	1.1	-3
1	2.17911517485045	0.489177975505541
1	1.1	-3
1	1.1	-3
1	1.1	-3
1	1.1	-3
1	1.1	-3
1	1.1	-3
1	1.1	-3
1	1.1	-3
1	1.1	-3
1	1.1	-3
1	0.580892459722236	2.72506433480544
1	1.1	-3
1	1.1	-3
1	1.1	-3
1	1.1	-3
1	0.90414075856097	1.41555759121804
1	0.0025122992228717	-1.52554183730742
1	0.46295701013878	0.595033596047947
1	1.1	-3
1	1.1	-3
1	1.1	-3
1	1.1	-3
1	1.1	-3
1	0.535524161532521	-1.12753175502999
1	1.95704020541161	-3.06915451485393
1	1.1	-3
1	1.1	-3
1	1.1	-3
1	1.92318207891658	-3.89421939280575
1	1.1	-3
1	1.1	-3
1	1.1	-3
1	1.1	-3
1	1.1	-3
1	0.739119583275169	-0.877861945112125
1	1.1	-3
1	1.1	-3
1	1.1	-3
1	0.0269799227826297	0.85827772235829
1	1.1	-3
1	1.1	-3
1	1.1	-3
1	0.224808314582333	1.24320295922901
1	1.1	-3
1	1.1	-3
1	1.1	-3
1	1.1	-3
1	1.1	-3
1	1.1	-3
1	1.1	-3
1	1.1	-3
1	1.1	-3
1	1.1	-3
1	1.1	-3
1	1.1	-3
1	0.892781365429983	4.69504967839718
1	1.1	-3
1	1.4478817102965	1.61758018899938
1	0.983544796239585	-0.490958527733575
1	1.1	-3
1	1.1	-3
1	1.1	-3
1	1.1	-3
1	1.1	-3
1	1.1	-3
1	1.1	-3
1	2.01047666096129	-0.742324614871067
1	1.1	-3
1	1.1	-3
1	1.1	-3
1	1.1	-3
1	1.1	-3
1	1.1	-3
1	0.546843179035932	0.917227036827605
1	0.665139395045117	0.578256304558442
1	0.535207395674661	-0.993694751100623
1	1.1	-3
1	1.1	-3
1	0.491999028483406	-0.08995938674965
1	1.1	-3
1	1.1	-3
1	1.1	-3
1	1.1	-3
1	1.1	-3
1	0.619392371736467	1.51924068753294
1	1.1	-3
1	1.1	-3
1	1.1	-3
1	1.1	-3
1	1.1	-3
1	1.1	-3
1	1.1	-3
1	1.1	-3
1	1.1	-3
1	1.66589065552689	2.099570197944
1	1.1	-3
1	0.632008894579485	1.73597053121075
1	1.1	-3
1	1.1	-3
1	1.1	-3
1	1.1	-3
1	1.1	-3
1	1.1	-3
1	1.1	-3
1	1.1	-3
1	0.767072789603844	-0.491304792937884
1	1.1	-3
1	0.848120291717351	-2.18412647962353
1	1.1	-3
1	1.1	-3
1	1.1	-3
1	1.1	-3
1	1.1	-3
1	1.1	-3
1	1.1	-3
1	0.932219588896259	1.07945086991627
1	0.865003325045109	0.0449486581898058
1	1.1	-3
1	1.1	-3
1	1.1	-3
1	1.1	-3
1	1.1	-3
1	1.1	-3
1	1.1	-3
1	1.1	-3
1	1.1	-3
1	1.1	-3
1	1.1	-3
1	1.1	-3
1	1.1	-3
1	1.1	-3
1	0.374864817364141	-0.453384966000447
1	1.1	-3
1	1.1	-3
1	1.1	-3
1	1.1	-3
1	1.1	-3
1	1.1	-3
1	1.1	-3
1	1.1	-3
1	1.1	-3
1	1.1	-3
1	1.1	-3
1	1.1	-3
1	0.0550858576316386	-1.24984429098794
1	0.939219089457765	0.522082647235226
1	1.1	-3
1	1.1	-3
1	1.1	-3
1	0.919157153461128	0.428412450650587
1	0.159392423694953	2.63434228918196
1	0.17328945058398	-3.3167592488189
1	1.1	-3
1	1.1	-3
1	1.1	-3
1	1.1	-3
1	1.1	-3
1	1.1	-3
1	1.1	-3
1	1.1	-3
1	1.1	-3
1	1.1	-3
1	1.1	-3
1	1.1	-3
1	1.1	-3
1	1.1	-3
1	0.99926994368434	1.26620127352898
1	1.1	-3
1	1.1	-3
1	1.1	-3
1	1.1	-3
1	1.1	-3
1	1.1	-3
1	1.1	-3
1	1.1	-3
1	1.1	-3
1	1.1	-3
1	1.1	-3
1	1.1	-3
1	1.1	-3
1	1.1	-3
1	2.18883588961326	1.2420424699172
1	1.1	-3
1	1.1	-3
1	1.1	-3
1	1.1	-3
1	1.1	-3
1	1.1	-3
1	0.290113632334396	-0.793067373863365
1	1.1	-3
1	1.1	-3
1	1.1	-3
1	1.1	-3
1	0.994347295956686	2.02376189002304
1	1.1	-3
1	1.1	-3
1	1.1	-3
1	1.1	-3
1	0.984901931602508	2.11585351299463
1	1.1	-3
1	0.458970658946782	0.0409407056455308
1	1.1	-3
1	1.1	-3
1	0.557110525667667	4.13350774940224
1	1.1	-3
1	1.43729776544496	0.919028965569536
1	1.1	-3
1	1.1	-3
1	1.1	-3
1	1.1	-3
1	1.383249598369	-0.0945949928411446
1	0.518409068696201	-1.22168859320111
1	0.394426854792982	-0.612356023704478
1	1.68861421318725	2.99446889754293
1	1.1	-3
1	0.921191067434847	-1.4203480720178
1	1.1	-3
1	1.1	-3
1	1.1	-3
1	1.1	-3
1	1.1	-3
1	1.1	-3
1	1.1	-3
1	1.1	-3
1	1.1	-3
1	1.1	-3
1	1.1	-3
1	1.1	-3
1	1.1	-3
1	1.1	-3
1	1.1	-3
1	1.1	-3
1	1.1	-3
1	1.1	-3
1	1.1	-3
1	0.590888002654538	3.36730732481566
1	1.1	-3
1	1.1	-3
1	0.717312008375302	0.160573547696304
1	1.1	-3
1	0.531438757665455	1.35000612809825
1	0.00324621424078939	-3.49364103401862
1	0.252099723322317	2.97718258396713
1	1.1	-3
1	2.07883979128674	-1.19913287225433
1	0.203511162893847	-0.516829322789116
1	1.1	-3
1	0.804473386378959	-0.697596634295434
1	1.1	-3
1	1.1	-3
1	0.380358448717743	-0.77409783396774
1	0.240951270796359	0.23618613488926
1	1.1	-3
1	0.00709935487248004	0.888594054112166
1	1.1	-3
1	1.1	-3
1	1.1	-3
1	1.1	-3
1	0.874521149788052	1.30926911848374
1	1.1	-3
1	0.0925511021632702	-0.273462755988286
1	1.1	-3
1	1.1	-3
1	1.1	-3
1	0.0749190652277321	0.522280863671265
1	1.1	-3
1	1.1	-3
1	1.1	-3
1	1.1	-3
1	1.1	-3
1	0.0217266413383186	-1.49491675070476
1	1.1	-3
1	1.1	-3
1	1.1	-3
1	1.1	-3
1	1.1	-3
1	1.1	-3
1	1.1	-3
1	0.621229486307129	4.4794480352302
1	1.1	-3
1	0.559223463525996	2.3285688360888
1	1.1	-3
1	1.1	-3
1	1.1	-3
1	1.1	-3
1	1.1	-3
1	1.1	-3
1	1.1	-3
1	1.1	-3
1	2.01562052806839	1.18965783105199
1	1.1	-3
1	1.1	-3
1	1.1	-3
1	1.1	-3
1	1.1	-3
1	0.117966502672061	-4.01648315783833
1	1.1	-3
1	1.1	-3
1	1.1	-3
1	1.1	-3
1	1.1	-3
1	1.1	-3
1	1.1	-3
1	1.1	-3
1	2.05554248443805	-0.675538225788522
1	1.1	-3
1	1.1	-3
1	1.1	-3
1	1.1	-3
1	1.1	-3
1	1.1	-3
1	1.1	-3
1	1.1	-3
1	1.1	-3
1	1.1	-3
1	1.1	-3
1	1.1	-3
1	1.1	-3
1	1.1	-3
1	0.0177831065375358	0.770441472699233
1	1.1	-3
1	1.1	-3
1	1.1	-3
1	1.25809431476519	-1.16237212007803
1	1.1	-3
1	0.616521884920076	0.419578347724868
1	1.1	-3
1	0.597685679094866	4.13244108829085
1	1.1	-3
1	1.1	-3
1	1.1	-3
1	1.1	-3
1	1.1	-3
1	1.1	-3
1	0.0750631871633232	-1.89992338980549
1	1.1	-3
1	1.1	-3
1	0.693578774109483	-1.4070013165388
1	1.1	-3
1	0.270201246719807	0.748030814140005
1	1.1	-3
1	0.510476477444172	3.62625827801551
1	1.1	-3
1	0.400094258133322	0.506789329720612
1	1.1	-3
1	1.1	-3
1	1.1	-3
1	1.1	-3
1	1.1	-3
1	1.1	-3
1	1.1	-3
1	1.1	-3
1	0.131582422880456	1.74696630714667
1	1.1	-3
1	1.1	-3
1	1.1	-3
1	1.1	-3
1	1.1	-3
1	1.1	-3
1	1.1	-3
1	0.783235180657357	0.3648757805652
1	1.1	-3
1	1.1	-3
1	1.1	-3
1	1.1	-3
1	1.1	-3
1	1.1	-3
1	1.1	-3
1	1.1	-3
1	1.1	-3
1	0.934218391077593	1.69346988728494
1	1.1	-3
1	1.1	-3
1	1.1	-3
1	1.1	-3
1	1.1	-3
1	1.1	-3
1	1.1	-3
1	1.1	-3
1	1.1	-3
1	1.1	-3
1	0.926261703018099	-0.9235874918195
1	0.0245150162372738	1.35359995305444
1	1.1	-3
1	1.1	-3
1	1.1	-3
1	1.1	-3
1	0.608956641051918	0.904541290829379
1	0.358118778094649	-1.99019946543976
1	1.1	-3
1	1.1	-3
1	1.1	-3
1	1.1	-3
1	0.272385245654732	2.72501488870447
1	1.1	-3
1	0.00760855153203012	-2.32688730947372
1	1.1	-3
1	1.1	-3
1	1.1	-3
1	1.1	-3
1	1.1	-3
1	1.1	-3
1	1.1	-3
1	1.1	-3
1	1.1	-3
1	1.1	-3
1	1.1	-3
1	1.1	-3
1	1.1	-3
1	0.114289686316624	-4.14129780848935
1	1.1	-3
1	1.1	-3
1	1.1	-3
1	0.527643352048472	0.971818669896795
1	1.1	-3
1	1.37151693277992	-0.228921946888147
1	1.1	-3
1	1.1	-3
1	1.1	-3
1	0.807319219456986	-1.66923381875502
1	1.1	-3
1	1.1	-3
1	1.61221446124837	-0.640226592368896
1	1.1	-3
1	1.1	-3
1	1.1	-3
1	1.1	-3
1	1.1	-3
1	1.1	-3
1	1.1	-3
1	1.1	-3
1	0.104550529969856	-0.947400586149534
1	1.1	-3
1	1.1	-3
1	1.1	-3
1	1.1	-3
1	1.1	-3
1	1.1	-3
1	1.1	-3
1	1.1	-3
1	1.1	-3
1	1.1	-3
1	1.1	-3
1	1.1	-3
1	1.1	-3
1	1.1	-3
1	1.1	-3
1	1.1	-3
1	1.1	-3
1	1.1	-3
1	1.1	-3
1	1.1	-3
1	1.1	-3
1	1.1	-3
1	1.1	-3
1	0.126242727739736	-2.2075577001069
1	1.1	-3
1	1.1	-3
1	0.0527124027721584	0.878431940435878
1	1.1	-3
1	1.1	-3
1	0.556372927967459	-2.53800943095364
1	1.1	-3
1	1.1	-3
1	0.761961632408202	-2.53845344989813
1	1.1	-3
1	0.232479837723076	2.02657514275108
1	1.1	-3
1	1.1	-3
1	1.1	-3
1	1.1	-3
1	1.1	-3
1	1.1	-3
1	1.1	-3
1	1.1	-3
1	1.1	-3
1	1.1	-3
1	1.1	-3
1	1.1	-3
1	0.559645003871992	2.58588253281621
1	1.1	-3
1	1.1	-3
1	1.1	-3
1	1.1	-3
1	1.1	-3
1	0.556701492983848	0.480935314618121
1	0.900188666302711	3.14133080557722
1	1.1	-3
1	1.1	-3
1	1.1	-3
1	1.1	-3
1	1.1	-3
1	1.91284664934501	0.547416776246185
1	1.1	-3
1	0.0423618387430906	-0.443038398415342
1	1.1	-3
1	1.1	-3
1	1.1	-3
1	1.1	-3
1	1.1	-3
1	1.1	-3
1	1.1	-3
1	1.1	-3
1	0.954780137864873	1.57089010232319
1	1.1	-3
1	1.1	-3
1	1.1	-3
1	1.1	-3
1	1.1	-3
1	0.303035995922983	-0.262049953501455
1	1.1	-3
1	1.1	-3
1	1.1	-3
1	1.1	-3
1	0.825098739005625	-0.182252237573954
1	1.1	-3
1	1.1	-3
1	1.1	-3
1	1.1	-3
1	1.1	-3
1	1.1	-3
1	1.1	-3
1	0.268144310917705	1.11274376308616
1	0.201564811402932	4.22236809276554
1	1.1	-3
1	1.1	-3
1	0.577234108000994	0.193453556778123
1	1.1	-3
1	1.1	-3
1	0.714425090467557	-1.41190228022772
1	1.1	-3
1	1.1	-3
1	0.973094961140305	-0.120036408429973
1	1.1	-3
1	1.1	-3
1	1.1	-3
1	1.1	-3
1	1.1	-3
1	1.1	-3
1	1.1	-3
1	1.1	-3
1	1.1	-3
1	1.1	-3
1	2.03107026619837	0.382453639081689
1	1.1	-3
1	1.1	-3
1	1.1	-3
1	1.1	-3
1	1.1	-3
1	0.784722708631307	-0.774328813092928
1	1.1	-3
1	1.1	-3
1	1.1	-3
1	1.1	-3
1	1.1	-3
1	1.1	-3
1	0.460302937077358	-2.50989668848941
1	0.565429175272584	1.49118810435386
1	0.75580653292127	-1.74280803903939
1	1.1	-3
1	1.1	-3
1	1.1	-3
1	1.1	-3
1	1.1	-3
1	0.337013771524653	1.47669119824704
1	1.1	-3
1	1.1	-3
1	1.1	-3
1	0.240447912365198	2.65268459834044
1	1.1	-3
1	1.1	-3
1	0.996416725683957	2.06540542334497
1	0.573269640561193	-0.106604663413135
1	1.1	-3
1	1.1	-3
1	0.864752684952691	-0.136953134599056
1	1.1	-3
1	1.1	-3
1	1.1	-3
1	1.1	-3
1	0.919808819657192	-0.211230052213461
1	1.1	-3
1	1.1	-3
1	0.525734692113474	2.59481463876849
1	1.1	-3
1	1.1	-3
1	1.1	-3
1	1.1	-3
1	1.1	-3
1	1.1	-3
1	0.289729104842991	3.60369083595777
1	1.1	-3
1	1.1	-3
1	1.1	-3
1	1.1	-3
1	1.1	-3
1	1.1	-3
1	1.1	-3
1	0.923455620184541	-1.46383046926525
1	1.1	-3
1	1.1	-3
1	1.1	-3
1	1.1	-3
1	0.372655788203701	-0.425969551372496
1	0.0196202660445124	3.27019044684294
1	1.1	-3
1	1.1	-3
1	1.1	-3
1	1.1	-3
1	1.1	-3
1	1.1	-3
1	1.1	-3
1	1.1	-3
1	1.1	-3
1	1.1	-3
1	0.495802453253418	-2.08375489985156
1	1.1	-3
1	1.1	-3
1	1.1	-3
1	1.1	-3
1	1.1	-3
1	1.1	-3
1	1.1	-3
1	1.39270757515915	0.339940795005113
1	0.813842216739431	0.381997729579036
1	0.455590084893629	-2.09771106392881
1	1.1	-3
1	1.1	-3
1	0.970640147803351	1.45279164585772
1	1.1	-3
1	1.1	-3
1	1.1	-3
1	1.1	-3
1	1.1	-3
1	1.1	-3
1	1.1	-3
1	1.1	-3
1	1.1	-3
1	0.093200899893418	0.632363485943901
1	1.1	-3
1	1.1	-3
1	1.1	-3
1	1.1	-3
1	1.1	-3
1	0.449275680119172	-2.96758794402075
1	1.1	-3
1	1.1	-3
1	0.880744419060648	1.56602638373473
1	1.1	-3
1	1.1	-3
1	1.1	-3
1	1.1	-3
1	1.1	-3
1	1.1	-3
1	0.833363261073828	-2.4107762988818
1	1.1	-3
1	1.1	-3
1	1.1	-3
1	1.1	-3
1	0.351454716874287	-1.91598524983127
1	1.1	-3
1	1.1	-3
1	0.931603990495205	-0.77825250849801
1	1.1	-3
1	1.1	-3
1	1.1	-3
1	1.1	-3
1	1.1	-3
1	0.422722936142236	1.81162293289712
1	1.1	-3
1	0.77481850492768	-1.62796676834809
1	1.1	-3
1	1.1	-3
1	1.1	-3
1	2.16403933805414	1.19494041863975
1	1.1	-3
1	1.1	-3
1	1.1	-3
1	1.1	-3
1	1.1	-3
1	1.1	-3
1	1.1	-3
1	1.1	-3
1	1.1	-3
1	1.1	-3
1	1.1	-3
1	1.1	-3
1	1.1	-3
1	1.1	-3
1	0.637588326120749	-0.772671252967638
1	0.873158325906843	2.96788600506878
1	1.1	-3
1	1.1	-3
1	0.033468779642135	-0.946686029645402
1	1.1	-3
1	1.1	-3
1	1.1	-3
1	1.1	-3
1	1.1	-3
1	1.1	-3
1	1.1	-3
1	0.782325022853911	0.734042841406348
1	0.0737053363118321	0.145056760777943
1	1.1	-3
1	1.1	-3
1	1.1	-3
1	1.1	-3
1	0.584906326374039	0.171475022482255
1	1.1	-3
1	1.1	-3
1	1.1	-3
1	1.1	-3
1	1.1	-3
1	0.207763328682631	4.18341724434237
1	1.1	-3
1	1.1	-3
1	1.1	-3
1	1.1	-3
1	1.1	-3
1	0.321957116015255	-2.91630366816364
1	1.1	-3
1	1.1	-3
1	0.0730218843091279	-0.800737624290136
1	1.26438254402019	1.31489629818218
1	0.156153623946011	-0.338616602401328
1	1.1	-3
1	1.1	-3
1	1.1	-3
1	1.1	-3
1	1.1	-3
1	1.1	-3
1	1.1	-3
1	2.03592272736132	-1.81041446684641
1	1.1	-3
1	1.1	-3
1	1.1	-3
1	1.1	-3
1	1.1	-3
1	1.1	-3
1	1.1	-3
1	1.1	-3
1	0.958627590211109	1.67369598709652
1	1.1	-3
1	1.1	-3
1	1.1	-3
1	1.1	-3
1	1.1	-3
1	1.1	-3
1	0.966670591849834	3.84417633561449
1	1.1	-3
1	1.1	-3
1	1.1	-3
1	1.89150554784574	0.34438429584395
1	1.1	-3
1	1.1	-3
1	1.1	-3
1	0.353886352153495	-1.45961748512504
1	1.1	-3
1	1.1	-3
1	1.1	-3
1	1.1	-3
1	1.1	-3
1	1.1	-3
1	0.957442732760683	3.30763179559577
1	0.701600819593296	0.621523400745719
1	1.1	-3
1	1.1	-3
1	0.876371747581288	0.650697509131159
1	1.1	-3
1	1.1	-3
1	1.1	-3
1	1.1	-3
1	0.252240553032607	1.44407199575203
1	1.1	-3
1	1.1	-3
1	1.1	-3
1	1.1	-3
1	0.894292070763186	1.71602398186308
1	1.1	-3
1	0.0628676423802972	-1.20984804374935
1	1.1	-3
1	1.1	-3
1	1.1	-3
1	1.1	-3
1	1.1	-3
1	0.989657796686515	-0.0269257169449536
1	1.1	-3
1	1.1	-3
1	1.1	-3
1	1.1	-3
1	1.1	-3
1	1.1	-3
1	1.1	-3
1	0.535348693374544	3.94519821861437
1	1.1	-3
1	0.318974480265752	-1.35038867288637
1	1.1	-3
1	1.1	-3
1	1.1	-3
1	1.1	-3
1	1.1	-3
1	1.1	-3
1	1.1	-3
1	0.560901389922947	-0.242799259684096
1	0.0286499401554465	-0.903035374117012
1	1.1	-3
1	1.1	-3
1	1.1	-3
1	0.137064833892509	0.197236605984734
1	1.1	-3
1	1.1	-3
1	1.1	-3
1	1.1	-3
1	1.1	-3
1	1.1	-3
1	1.1	-3
1	0.458414202090353	-2.73709859747433
1	1.1	-3
1	1.1	-3
1	0.557580324588344	0.00995621833437932
1	1.1	-3
1	1.1	-3
1	1.1	-3
1	1.1	-3
1	1.1	-3
1	1.1	-3
1	1.1	-3
1	1.1	-3
1	0.990117065375671	-1.30836398836721
1	0.518370604608208	-0.391433094393045
1	1.1	-3
1	1.1	-3
1	0.0760212580207736	-3.87601393853513
1	1.53046081545763	-0.788838159908657
1	1.1	-3
1	1.1	-3
1	1.1	-3
1	1.1	-3
1	1.1	-3
1	1.1	-3
1	1.1	-3
1	1.1	-3
1	1.1	-3
1	0.376594238216057	-1.58039052151116
1	1.1	-3
1	1.1	-3
1	0.41207402991131	0.199335503760898
1	1.1	-3
1	1.1	-3
1	1.1	-3
1	1.1	-3
1	1.1	-3
1	1.1	-3
1	1.1	-3
1	1.1	-3
1	1.1	-3
1	0.376973571721464	-4.08561308412831
1	1.1	-3
1	0.544026341289282	0.694256966076076
1	1.1	-3
1	1.1	-3
1	1.1	-3
1	0.748493802733719	-0.641494532960858
1	1.1	-3
1	1.1	-3
1	1.1	-3
1	0.429889540653676	0.213485168252901
1	1.1	-3
1	0.0357175515964627	0.430351184629169
1	1.1	-3
1	1.1	-3
1	1.1	-3
1	1.1	-3
1	1.1	-3
1	1.1	-3
1	0.970734890317544	0.619563804007582
1	1.1	-3
1	1.1	-3
1	1.1	-3
1	1.1	-3
1	1.1	-3
1	1.84615859626792	1.29189917988386
1	1.1	-3
1	0.9284721869044	2.1134260780228
1	1.1	-3
1	1.1	-3
1	1.1	-3
1	1.1	-3
1	1.1	-3
1	1.1	-3
1	1.1	-3
1	1.1	-3
1	1.1	-3
1	0.896773597458378	1.20239438785382
1	0.129283645888791	0.565683610281167
1	1.1	-3
1	1.1	-3
1	1.1	-3
1	1.1	-3
1	1.1	-3
1	1.1	-3
1	0.981905658263713	0.0136802177032799
1	1.1	-3
1	0.869766158750281	-1.60979095398677
1	1.1	-3
1	1.1	-3
1	1.1	-3
1	1.1	-3
1	1.1	-3
1	1.1	-3
1	1.1	-3
1	1.1	-3
1	1.1	-3
1	1.1	-3
1	1.1	-3
1	1.1	-3
1	1.1	-3
1	1.1	-3
1	1.81754050687887	2.23338716729744
1	0.582675707759336	1.96223078478069
1	1.1	-3
1	1.1	-3
1	1.1	-3
1	1.1	-3
1	1.1	-3
1	1.1	-3
1	1.1	-3
1	1.1	-3
1	1.1	-3
1	0.328554650535807	3.7217953508202
1	1.1	-3
1	1.1	-3
1	0.487310958560556	0.73217074930845
1	1.1	-3
1	1.1	-3
1	1.1	-3
1	0.580861864145845	-1.03113390564484
1	1.1	-3
1	1.1	-3
1	1.1	-3
1	1.1	-3
1	1.1	-3
1	0.616317142732441	0.348372009453371
1	1.1	-3
1	0.595293645514175	-1.60499895075026
1	1.1	-3
1	1.94041987047531	0.756086952262215
1	1.1	-3
1	1.1	-3
1	1.1	-3
1	0.0408204002305865	0.22402196416884
1	1.1	-3
1	1.1	-3
1	1.1	-3
1	0.55832531535998	0.853338529111466
1	1.1	-3
1	1.1	-3
1	1.1	-3
1	1.5739590824116	-0.00922375339215931
1	1.1	-3
1	0.00206912821158768	-3.3548422011037
1	1.1	-3
1	1.1	-3
1	1.1	-3
1	1.1	-3
1	1.1	-3
1	1.1	-3
1	0.995396186830476	1.75624903907636
1	0.496486729942262	-1.14666484108252
1	0.749321173876524	-0.201908633644045
1	1.1	-3
1	0.555491857230663	1.34886513664376
1	0.592557362513617	0.151681458751995
1	1.1	-3
1	1.1	-3
1	1.1	-3
1	1.1	-3
1	1.1	-3
1	0.718915293924511	-1.92737419560708
1	1.1	-3
1	1.1	-3
1	1.1	-3
1	1.1	-3
1	0.28177089150995	-1.66559823254928
1	1.1	-3
1	1.1	-3
1	1.1	-3
1	1.48407206642441	-0.356905785458335
1	1.1	-3
1	1.1	-3
1	1.1	-3
1	1.1	-3
1	1.1	-3
1	0.580732380971313	0.0976120198035407
1	1.1	-3
1	1.1	-3
1	0.357864162884653	0.819835180502523
1	1.1	-3
1	0.93262933427468	-0.0864117693359122
1	1.1	-3
1	1.1	-3
1	1.1	-3
1	0.737370562274009	-0.757542738133889
1	1.1	-3
1	0.479592205490917	-1.83995512384935
1	1.1	-3
1	1.1	-3
1	1.1	-3
1	1.1	-3
1	1.1	-3
1	1.1	-3
1	1.1	-3
1	0.866768360603601	-0.509143337365468
1	1.1	-3
1	1.1	-3
1	1.1	-3
1	0.554111405275762	3.57293345424705
1	1.1	-3
1	1.1	-3
1	1.1	-3
1	1.1	-3
1	1.1	-3
1	1.1	-3
1	0.129739928757772	-0.658799051575605
1	1.1	-3
1	1.1	-3
1	0.148115573916584	-3.49307239876692
1	1.1	-3
1	1.1	-3
1	0.348223961889744	-1.1230614831957
1	0.694324055453762	-3.47590937337575
1	0.506946921115741	0.336280768870543
1	1.1	-3
1	1.1	-3
1	1.1	-3
1	1.1	-3
1	1.1	-3
1	1.1	-3
1	1.1	-3
1	1.1	-3
1	1.1	-3
1	1.1	-3
1	1.1	-3
1	1.1	-3
1	1.1	-3
1	1.1	-3
1	0.600283970823512	2.17548400262067
1	1.1	-3
1	1.1	-3
1	1.1	-3
1	1.1	-3
1	1.1	-3
1	1.1	-3
1	1.1	-3
1	1.1	-3
1	1.1	-3
1	2.18312464705668	-2.12972069559555
1	1.1	-3
1	1.1	-3
1	1.1	-3
1	1.1	-3
1	1.1	-3
1	1.1	-3
1	1.1	-3
1	1.1	-3
1	1.1	-3
1	1.1	-3
1	1.1	-3
1	1.1	-3
1	0.286294004647061	-1.64228238569092
1	1.1	-3
1	0.0296154911629856	3.46020526810769
1	1.1	-3
1	0.362480196170509	0.968912374580027
1	1.1	-3
1	1.1	-3
1	1.1	-3
1	1.1	-3
1	1.1	-3
1	1.1	-3
1	1.1	-3
1	1.1	-3
1	1.1	-3
1	1.1	-3
1	1.1	-3
1	1.1	-3
1	1.1	-3
1	1.1	-3
1	1.1	-3
1	1.1	-3
1	1.1	-3
1	1.1	-3
1	1.1	-3
1	1.1	-3
1	1.1	-3
1	1.1	-3
1	0.716436203336343	-0.0744170910060603
1	1.1	-3
1	1.1	-3
1	1.1	-3
1	1.1	-3
1	1.1	-3
1	1.1	-3
1	1.1	-3
1	1.1	-3
1	1.1	-3
1	1.1	-3
1	1.1	-3
1	1.1	-3
1	0.348466927651316	-1.79927479285628
1	1.1	-3
1	1.1	-3
1	1.1	-3
1	1.1	-3
1	1.1	-3
1	1.1	-3
1	1.1	-3
1	1.1	-3
1	1.1	-3
1	1.1	-3
1	0.830584954470396	0.467034033542715
1	1.1	-3
1	1.1	-3
1	1.1	-3
1	1.1	-3
1	1.1	-3
1	1.1	-3
1	1.1	-3
1	1.1	-3
1	1.1	-3
1	0.194834174355492	1.30216092533483
1	0.435939057264477	-4.04232001081601
1	1.1	-3
1	1.1	-3
1	0.468341440195218	0.304710218123346
1	1.1	-3
1	1.1	-3
1	1.1	-3
1	1.1	-3
1	1.1	-3
1	1.1	-3
1	1.1	-3
1	1.1	-3
1	1.1	-3
1	0.109210642287508	-3.64002624720771
1	0.230814452748746	3.00014401511805
1	0.941926478641108	2.77184109502609
1	1.1	-3
1	1.1	-3
1	1.1	-3
1	1.1	-3
1	1.1	-3
1	1.1	-3
1	1.1	-3
1	1.1	-3
1	1.1	-3
1	0.935965863522142	3.20217745502926
1	0.755512597737834	-2.92525477287916
1	1.1	-3
1	1.1	-3
1	1.1	-3
1	1.1	-3
1	1.1	-3
1	1.1	-3
1	1.1	-3
1	0.935289120767266	-0.258162205577789
1	2.10790582587943	0.619910642821518
1	1.1	-3
1	1.1	-3
1	1.1	-3
1	1.1	-3
1	1.1	-3
1	1.1	-3
1	1.1	-3
1	1.1	-3
1	1.1	-3
1	1.1	-3
1	1.1	-3
1	1.1	-3
1	1.1	-3
1	1.1	-3
1	1.1	-3
1	0.336429178947583	1.11696173129918
1	1.1	-3
1	1.1	-3
1	1.1	-3
1	1.1	-3
1	0.333245301386341	1.54754350755028
1	0.525437098229304	0.284395341090302
1	1.1	-3
1	1.1	-3
1	1.1	-3
1	1.1	-3
1	1.1	-3
1	1.1	-3
1	1.1	-3
1	1.63764553335495	-1.70235279499789
1	1.1	-3
1	1.1	-3
1	1.1	-3
1	1.1	-3
1	1.1	-3
1	1.1	-3
1	1.1	-3
1	0.731182753806934	-0.766513983703561
1	1.1	-3
1	0.437485851813108	0.587723560836625
1	1.1	-3
1	1.1	-3
1	1.1	-3
1	0.352803143439814	1.20193140709613
1	1.1	-3
1	0.636693333042786	1.35345510661731
1	1.1	-3
1	0.317887316923589	-1.5479650084293
1	1.1	-3
1	0.417548826429993	-3.69611148792021
1	1.1	-3
1	1.1	-3
1	1.1	-3
1	1.1	-3
1	1.1	-3
1	1.1	-3
1	1.1	-3
1	1.1	-3
1	1.1	-3
1	1.1	-3
1	1.1	-3
1	1.1	-3
1	1.1	-3
1	1.1	-3
1	1.1	-3
1	1.1	-3
1	1.1	-3
1	1.1	-3
1	1.1	-3
1	1.1	-3
1	1.1	-3
1	1.94754715454765	-3.00901782423065
1	1.1	-3
1	0.118656519800425	-3.45742450427914
1	1.1	-3
1	1.1	-3
1	1.1	-3
1	0.059284511487931	-0.839901613650609
1	1.1	-3
1	1.1	-3
1	1.1	-3
1	1.1	-3
1	1.1	-3
1	1.1	-3
1	1.1	-3
1	1.1	-3
1	1.1	-3
1	0.696379263419658	-1.54484243896551
1	1.1	-3
1	1.1	-3
1	1.1	-3
1	1.1	-3
1	1.1	-3
1	1.1	-3
1	1.1	-3
1	0.910299408948049	3.9381043981051
1	1.1	-3
1	1.1	-3
1	1.1	-3
1	1.1	-3
1	1.1	-3
1	1.1	-3
1	1.1	-3
1	1.1	-3
1	1.1	-3
1	1.1	-3
1	1.1	-3
1	1.1	-3
1	0.722373835509643	-2.14143262723684
1	1.1	-3
1	1.1	-3
1	0.317886266857386	0.22482553897809
1	1.1	-3
1	1.1	-3
1	1.1	-3
1	1.1	-3
1	1.1	-3
1	1.1	-3
1	0.507063561119139	-0.903495972096615
1	1.1	-3
1	1.1	-3
1	1.1	-3
1	1.1	-3
1	1.1	-3
1	1.1	-3
1	1.1	-3
1	1.1	-3
1	1.1	-3
1	1.1	-3
1	1.1	-3
1	1.1	-3
1	1.1	-3
1	1.1	-3
1	1.1	-3
1	1.1	-3
1	1.1	-3
1	1.1	-3
1	1.1	-3
1	1.1	-3
1	1.1	-3
1	1.1	-3
1	1.1	-3
1	1.1	-3
1	1.1	-3
1	1.1	-3
1	1.1	-3
1	0.793255180353299	-1.46444435944224
1	1.1	-3
1	1.1	-3
1	1.1	-3
1	1.1	-3
1	1.1	-3
1	1.1	-3
1	1.1	-3
1	0.518160330597311	-0.722058462903958
1	1.1	-3
1	0.664350678212941	-0.627021787505252
1	1.1	-3
1	1.1	-3
1	1.1	-3
1	0.877761356066912	1.22860352962985
1	0.0960265197791159	-1.18725638985912
1	1.1	-3
1	1.1	-3
1	0.0545234847813845	-1.84973293442041
1	1.1	-3
1	1.1	-3
1	1.1	-3
1	0.519327696179971	2.32769367758048
1	1.1	-3
1	1.1	-3
1	1.1	-3
1	0.129424972226843	1.63792275199194
1	0.839288371382281	2.66197873847351
1	1.59239220460877	-2.03807804769327
1	1.1	-3
1	1.1	-3
1	1.1	-3
1	1.1	-3
1	0.54602824151516	-1.73048324938052
1	1.1	-3
1	1.1	-3
1	1.1	-3
1	1.1	-3
1	1.1	-3
1	0.430352822411805	-1.33090969569071
1	1.1	-3
1	1.1	-3
1	1.1	-3
1	1.1	-3
1	1.1	-3
1	1.1	-3
1	1.1	-3
1	1.1	-3
1	1.1	-3
1	1.1	-3
1	0.604071865789592	1.21775705739844
1	1.1	-3
1	1.1	-3
1	1.1	-3
1	0.163896290119737	-1.67595048540343
1	0.979104041354731	0.621844395912391
1	0.199733240529895	1.2430176156248
1	1.1	-3
1	1.1	-3
1	1.1	-3
1	1.1	-3
1	0.401610778877512	-1.05893440973662
1	1.1	-3
1	1.1	-3
1	1.1	-3
1	1.1	-3
1	1.1	-3
1	1.1	-3
1	1.81432985728607	-1.20350116567993
1	0.679947482654825	-1.41207358480649
1	1.44063324299641	-0.267911741936176
1	1.1	-3
1	1.1	-3
1	1.1	-3
1	1.1	-3
1	1.1	-3
1	1.1	-3
1	1.22772066858597	-1.49166499882627
1	0.020455732010305	1.33189595553348
1	1.1	-3
1	1.1	-3
1	1.1	-3
1	1.1	-3
1	1.1	-3
1	1.1	-3
1	1.1	-3
1	1.1	-3
1	1.1	-3
1	0.05717864446342	0.234390497829487
1	1.1	-3
1	1.1	-3
1	1.1	-3
1	1.1	-3
1	2.06020078929141	0.937362823560827
1	1.1	-3
1	1.1	-3
1	0.521963874809444	1.75118643790088
1	1.1	-3
1	0.0777269050013274	-4.55466364748654
1	0.226685952395201	-0.337658670910264
1	1.1	-3
1	1.1	-3
1	1.1	-3
1	1.1	-3
1	1.1	-3
1	0.0935215868521482	-1.81546474940629
1	0.332216758513823	-1.03547349404271
1	1.1	-3
1	1.1	-3
1	1.1	-3
1	1.1	-3
1	1.1	-3
1	1.1	-3
1	0.745494799688458	3.21775066680106
1	1.1	-3
1	0.865022247424349	3.33127737527058
1	0.743874189676717	-0.642272182842756
1	1.1	-3
1	1.24649766138755	0.91910156524322
1	1.1	-3
1	1.1	-3
1	1.1	-3
1	1.1	-3
1	0.187875738134608	-3.28893996231995
1	1.1	-3
1	1.1	-3
1	1.1	-3
1	1.1	-3
1	1.1	-3
1	1.1	-3
1	1.1	-3
1	1.1	-3
1	1.1	-3
1	1.1	-3
1	1.1	-3
1	1.1	-3
1	1.1	-3
1	1.1	-3
1	1.1	-3
1	1.1	-3
1	1.1	-3
1	1.1	-3
1	1.1	-3
1	1.1	-3
1	1.1	-3
1	1.1	-3
1	1.1	-3
1	1.1	-3
1	2.0591806308832	0.101758856523606
1	0.599277533823624	1.08308961434346
1	1.1	-3
1	1.1	-3
1	1.1	-3
1	1.1	-3
1	1.1	-3
1	1.1	-3
1	1.1	-3
1	1.1	-3
1	1.1	-3
1	1.1	-3
1	1.1	-3
1	1.1	-3
1	1.1	-3
1	1.1	-3
1	1.1	-3
1	1.1	-3
1	1.1	-3
1	1.1	-3
1	1.1	-3
1	1.76903539365157	-1.96607019426211
1	1.1	-3
1	1.1	-3
1	0.4321857416071	1.0197061832667
1	1.1	-3
1	1.1	-3
1	1.1	-3
1	0.908341329544783	0.334147453806813
1	1.1	-3
1	0.08619590010494	-0.174451032557921
1	1.1	-3
1	1.1	-3
1	1.1	-3
1	1.1	-3
1	1.1	-3
1	1.1	-3
1	1.1	-3
1	1.1	-3
1	1.1	-3
1	1.1	-3
1	1.1	-3
1	1.1	-3
1	1.1	-3
1	1.1	-3
1	1.1	-3
1	0.846606230130419	-1.75991835757819
1	1.1	-3
1	1.1	-3
1	1.1	-3
1	1.1	-3
1	1.1	-3
1	1.1	-3
1	1.1	-3
1	1.1	-3
1	0.885681152809411	-1.31212796409459
1	1.1	-3
1	1.1	-3
1	1.1	-3
1	1.1	-3
1	1.1	-3
1	1.1	-3
1	1.1	-3
1	1.1	-3
1	0.549511999124661	1.2899714605128
1	1.1	-3
1	0.185128312557936	1.45507667477442
1	1.1	-3
1	0.301813043886796	0.987698836098219
1	1.1	-3
1	1.1	-3
1	1.1	-3
1	1.1	-3
1	1.1	-3
1	0.897962102666497	1.1077339567738
1	1.1	-3
1	1.1	-3
1	1.1	-3
1	1.1	-3
1	1.1	-3
1	1.1	-3
1	0.133797994581983	-1.3130142144996
1	1.1	-3
1	1.72122762985528	3.72991191888727
1	1.1	-3
1	1.1	-3
1	0.0813841263297945	-1.43985448243866
1	1.1	-3
1	0.223671657498926	0.753568923024312
1	1.1	-3
1	1.1	-3
1	0.417592460289598	-1.20301017108719
1	1.1	-3
1	1.1	-3
1	1.78673082501628	1.96158049508117
1	1.1	-3
1	1.1	-3
1	1.1	-3
1	1.1	-3
1	1.1	-3
1	1.1	-3
1	1.1	-3
1	1.1	-3
1	1.1	-3
1	0.29461355227977	-2.2822780246585
1	1.1	-3
1	1.1	-3
1	1.1	-3
1	1.1	-3
1	1.1	-3
1	1.1	-3
1	0.0736715612001717	1.71964222662747
1	1.1	-3
1	1.1	-3
1	0.530763589544222	1.65063226551818
1	1.1	-3
1	1.1	-3
1	1.1	-3
1	1.1	-3
1	1.1	-3
1	1.1	-3
1	1.1	-3
1	1.1	-3
1	1.1	-3
1	1.1	-3
1	1.1	-3
1	1.1	-3
1	0.45114662591368	0.816893549817898
1	1.1	-3
1	1.1	-3
1	1.1	-3
1	1.1	-3
1	1.1	-3
1	1.1	-3
1	1.1	-3
1	1.1	-3
1	1.1	-3
1	1.1	-3
1	1.1	-3
1	1.1	-3
1	1.1	-3
1	1.1	-3
1	1.1	-3
1	1.1	-3
1	1.1	-3
1	0.888470440870151	0.941559505083575
1	1.1	-3
1	1.1	-3
1	1.1	-3
1	1.1	-3
1	1.1	-3
1	0.344151392579079	1.89482429526645
1	1.1	-3
1	1.1	-3
1	1.1	-3
1	1.1	-3
1	1.1	-3
1	1.1	-3
1	0.472496858099476	-0.891246678833787
1	1.1	-3
1	1.1	-3
1	1.1	-3
1	1.35722594992258	-1.3750777339202
1	1.1	-3
1	1.1	-3
1	1.1	-3
1	1.1	-3
1	1.1	-3
1	1.1	-3
1	1.1	-3
1	1.1	-3
1	1.1	-3
1	1.1	-3
1	1.1	-3
1	1.1	-3
1	1.1	-3
1	1.1	-3
1	1.1	-3
1	1.1	-3
1	0.0448954203166067	-3.40261774032393
1	1.1	-3
1	1.1	-3
1	1.1	-3
1	0.436349020106718	-2.96456534650305
1	1.1	-3
1	0.848716646898538	-0.825232483977957
1	0.264546522637829	-0.507709669664332
1	1.1	-3
1	2.12712783114985	4.68045201268941
1	1.1	-3
1	1.1	-3
1	0.507238207152113	2.54134418588511
1	1.1	-3
1	1.1	-3
1	0.614001860609278	1.82806714062827
1	1.1	-3
1	1.1	-3
1	1.1	-3
1	1.1	-3
1	1.1	-3
1	1.1	-3
1	0.743404658511281	-2.74234990280075
1	0.450562802609056	-1.41234188842674
1	1.1	-3
1	1.1	-3
1	1.1	-3
1	0.0791761027649045	-1.42337717741592
1	1.1	-3
1	1.65865002996288	-1.66644099302512
1	1.1	-3
1	0.88231209362857	-2.33602208465458
1	1.1	-3
1	0.510890973033384	3.07664464375986
1	1.1	-3
1	1.1	-3
1	2.13335870234296	2.90020332683352
1	1.1	-3
1	1.1	-3
1	1.1	-3
1	1.1	-3
1	1.1	-3
1	1.1	-3
1	1.1	-3
1	1.1	-3
1	1.1	-3
1	1.1	-3
1	0.230249411659315	1.54963929014446
1	1.1	-3
1	1.1	-3
1	1.1	-3
1	1.1	-3
1	1.1	-3
1	1.1	-3
1	1.1	-3
1	1.1	-3
1	1.1	-3
1	1.1	-3
1	1.1	-3
1	1.1	-3
1	1.1	-3
1	0.346742092398927	0.321647888220837
1	1.1	-3
1	0.515367083251476	5.22751909810831
1	1.1	-3
1	1.1	-3
1	1.1	-3
1	0.733610998606309	0.478038748765313
1	0.843418894102797	3.60829374094637
1	1.1	-3
1	1.1	-3
1	1.1	-3
1	1.1	-3
1	1.6420051923953	-1.69955238250224
1	1.1	-3
1	1.1	-3
1	1.1	-3
1	1.1	-3
1	1.1	-3
1	1.1	-3
1	1.1	-3
1	1.1	-3
1	0.501288091996685	1.77387166855298
1	0.794002547161654	-0.0775403682257766
1	1.1	-3
1	1.1	-3
1	1.1	-3
1	0.905162202659994	-0.189487069039324
1	0.853123326320201	-0.644970233732126
1	1.1	-3
1	0.982981733512133	1.12912530959939
1	0.800248424056917	-1.93975350147425
1	1.1	-3
1	1.1	-3
1	1.1	-3
1	1.1	-3
1	1.1	-3
1	1.1	-3
1	1.1	-3
1	1.1	-3
1	1.1	-3
1	1.1	-3
1	1.1	-3
1	1.1	-3
1	1.1	-3
1	1.1	-3
1	0.0919620674103499	3.42047799017887
1	1.1	-3
1	1.1	-3
1	1.1	-3
1	1.1	-3
1	1.1	-3
1	1.1	-3
1	1.1	-3
1	2.09869258040562	0.483010744771178
1	1.1	-3
1	1.1	-3
1	1.1	-3
1	1.1	-3
1	1.1	-3
1	1.1	-3
1	0.845080585917458	-1.07091400929385
1	1.1	-3
1	1.1	-3
1	1.1	-3
1	1.1	-3
1	1.1	-3
1	1.1	-3
1	1.1	-3
1	1.1	-3
1	0.731678222538903	-2.79211011456278
1	0.488690591882914	2.66812208283223
1	1.1	-3
1	0.657689117593691	0.501547533739559
1	0.67860509827733	1.79388072653664
1	1.1	-3
1	1.1	-3
1	1.1	-3
1	1.1	-3
1	1.1	-3
1	1.1	-3
1	1.1	-3
1	1.1	-3
1	0.456784803420305	-3.45218325344724
1	1.1	-3
1	1.1	-3
1	0.187682216521353	3.18673348227369
1	1.1	-3
1	1.1	-3
1	1.1	-3
1	1.1	-3
1	1.1	-3
1	0.809833475155756	0.352528851105385
1	1.1	-3
1	1.1	-3
1	1.1	-3
1	1.1	-3
1	1.1	-3
1	1.1	-3
1	1.1	-3
1	1.1	-3
1	1.1	-3
1	1.1	-3
1	1.1	-3
1	1.1	-3
1	1.1	-3
1	0.23466390487738	0.166930562208899
1	1.1	-3
1	1.1	-3
1	1.1	-3
1	0.727415829198435	-0.478582416595812
1	1.1	-3
1	1.1	-3
1	1.1	-3
1	1.1	-3
1	1.1	-3
1	1.1	-3
1	1.1	-3
1	1.1	-3
1	1.1	-3
1	0.972297312458977	-0.781351462563082
1	1.1	-3
1	0.697150143794715	0.469785932988001
1	0.264012299943715	4.95637450519761
1	1.1	-3
1	1.1	-3
1	1.1	-3
1	1.1	-3
1	1.1	-3
1	1.1	-3
1	1.1	-3
1	1.1	-3
1	1.1	-3
1	1.1	-3
1	1.1	-3
1	1.1	-3
1	0.263264859560877	1.75374219355673
1	1.1	-3
1	1.1	-3
